137;359;372;437;555;234;434;482;192;212;65;401
181;275;589;602;456;427;151;398;594;443;12;314
383;268;286;8;371;422;237;374;564;116;483;521
553;549;175;238;247;14;323;438;394;193;345;179
216;574;11;249;55;232;266;221;332;145;61;285
518;291;279;171;44;582;153;405;348;451;523;559
592;353;486;576;351;385;231;97;162;363;178;3
349;187;209;617;581;142;7;426;410;586;222;189
263;625;462;417;450;23;575;402;344;367;439;155
147;377;495;94;366;335;596;258;207;72;163;373
137;359;372;437;555;234;132;447;302;241;526;620
181;275;589;602;456;427;341;356;143;124;512;194
383;268;286;8;371;422;331;603;613;31;444;454
553;549;175;238;247;14;459;487;312;334;46;409
216;574;11;249;55;232;203;106;133;567;496;4
518;291;279;171;44;582;246;273;587;453;354;458
592;353;486;576;351;385;538;515;299;190;39;135
349;187;209;617;581;142;507;277;37;380;78;9
263;625;462;417;450;23;283;535;552;445;16;305
147;377;495;94;366;335;236;480;129;255;474;561
137;359;372;437;555;234;415;197;315;83;250;399
181;275;589;602;456;427;624;504;327;460;473;112
383;268;286;8;371;422;176;139;95;223;416;340
553;549;175;238;247;14;293;612;57;491;303;342
216;574;11;249;55;232;510;301;418;502;22;297
518;291;279;171;44;582;313;537;96;34;350;99
592;353;486;576;351;385;493;244;614;88;501;93
349;187;209;617;581;142;173;70;120;403;160;468
263;625;462;417;450;23;546;396;208;251;542;499
147;377;495;94;366;335;245;325;21;465;60;531