235;179;559;191;475;82;482;96;389;60;451;382
378;371;144;243;574;610;504;27;409;541;563;413
333;405;532;370;287;501;202;52;245;328;325;198
212;45;512;349;280;499;434;266;517;42;146;402
355;361;227;162;94;169;528;351;339;513;241;358
302;472;360;439;164;392;572;119;58;156;486;604
193;589;383;209;284;54;152;110;542;597;44;278
557;442;529;97;252;184;449;329;569;294;20;221
50;618;518;346;540;453;79;380;537;93;159;497
624;554;108;433;519;440;477;256;320;507;551;538
235;179;559;191;475;82;297;429;282;5;376;38
378;371;144;243;574;610;253;135;308;88;262;271
333;405;532;370;287;501;292;257;546;143;387;140
212;45;512;349;280;499;2;219;109;441;62;226
355;361;227;162;94;169;432;621;236;107;342;247
302;472;360;439;164;392;539;136;72;307;616;229
193;589;383;209;284;54;33;607;246;520;390;181
557;442;529;97;252;184;34;347;334;106;612;445
50;618;518;346;540;453;274;195;125;599;416;59
624;554;108;433;519;440;39;222;404;412;80;583
235;179;559;191;475;82;101;606;336;420;207;374
378;371;144;243;574;610;231;6;116;526;350;447
333;405;532;370;287;501;459;32;600;592;366;98
212;45;512;349;280;499;174;478;275;25;327;575
355;361;227;162;94;169;468;582;24;590;543;28
302;472;360;439;164;392;149;211;373;248;594;430
193;589;383;209;284;54;122;560;23;619;523;41
557;442;529;97;252;184;401;288;437;213;139;180
50;618;518;346;540;453;87;163;377;317;313;1
624;554;108;433;519;440;250;26;260;474;168;239
